Apr 27, 2023	33,381.66	33,859.75	33,374.65	33,826.16	33,826.16	343,240,000
Apr 26, 2023	33,596.34	33,645.83	33,235.85	33,301.87	33,301.87	321,170,000
Apr 25, 2023	33,828.34	33,875.49	33,525.39	33,530.83	33,530.83	297,880,000
Apr 24, 2023	33,805.04	33,891.15	33,726.09	33,875.40	33,875.40	252,020,000
Apr 21, 2023	33,793.60	33,858.83	33,688.57	33,808.96	33,808.96	291,080,000
Apr 20, 2023	33,740.60	33,875.39	33,677.74	33,786.62	33,786.62	307,910,000
Apr 19, 2023	33,889.83	33,957.98	33,814.65	33,897.01	33,897.01	251,490,000
Apr 18, 2023	33,965.16	34,018.62	33,791.89	33,976.63	33,976.63	253,570,000
Apr 17, 2023	33,930.46	33,991.23	33,796.91	33,987.18	33,987.18	234,530,000
Apr 14, 2023	33,981.71	34,082.94	33,730.85	33,886.47	33,886.47	276,720,000
Apr 13, 2023	33,668.97	34,054.99	33,605.17	34,029.69	34,029.69	277,230,000
Apr 12, 2023	33,764.21	33,895.43	33,593.32	33,646.50	33,646.50	260,300,000
Apr 11, 2023	33,586.75	33,781.29	33,586.75	33,684.79	33,684.79	241,430,000
Apr 10, 2023	33,425.25	33,590.24	33,343.43	33,586.52	33,586.52	232,920,000
Apr 06, 2023	33,420.96	33,525.96	33,325.37	33,485.29	33,485.29	258,680,000
Apr 05, 2023	33,394.60	33,543.84	33,376.27	33,482.72	33,482.72	286,660,000
Apr 04, 2023	33,594.79	33,634.72	33,275.62	33,402.38	33,402.38	283,360,000
Apr 03, 2023	33,245.78	33,632.90	33,245.78	33,601.15	33,601.15	311,890,000
Mar 31, 2023	32,901.96	33,291.00	32,901.96	33,274.15	33,274.15	353,740,000
Mar 30, 2023	32,807.43	32,905.80	32,682.87	32,859.03	32,859.03	283,380,000
Mar 29, 2023	32,566.54	32,728.04	32,539.94	32,717.60	32,717.60	314,110,000
Mar 28, 2023	32,434.85	32,551.01	32,295.50	32,394.25	32,394.25	248,560,000
Mar 27, 2023	32,276.72	32,564.00	32,276.72	32,432.08	32,432.08	291,560,000
Mar 24, 2023	32,038.22	32,257.24	31,805.18	32,237.53	32,237.53	317,070,000
Mar 23, 2023	32,101.49	32,511.49	31,864.74	32,105.25	32,105.25	335,430,000
Mar 22, 2023	32,570.19	32,761.89	32,020.46	32,030.11	32,030.11	325,990,000
Mar 21, 2023	32,420.71	32,593.68	32,346.12	32,560.60	32,560.60	363,190,000
Mar 20, 2023	31,872.33	32,280.07	31,872.33	32,244.58	32,244.58	357,210,000
Mar 17, 2023	32,217.32	32,217.32	31,728.70	31,861.98	31,861.98	712,100,000
Mar 16, 2023	31,827.65	32,281.61	31,571.46	32,246.55	32,246.55	440,940,000
Mar 15, 2023	31,759.87	31,906.47	31,429.82	31,874.57	31,874.57	420,910,000
Mar 14, 2023	32,055.29	32,306.59	31,805.40	32,155.40	32,155.40	391,760,000
Mar 13, 2023	31,819.93	32,240.35	31,624.87	31,819.14	31,819.14	429,090,000
Mar 10, 2023	32,185.14	32,422.10	31,783.41	31,909.64	31,909.64	397,790,000
Mar 09, 2023	32,876.83	32,990.46	32,190.60	32,254.86	32,254.86	315,860,000
Mar 08, 2023	32,872.08	32,903.44	32,612.70	32,798.40	32,798.40	242,750,000
Mar 07, 2023	33,428.31	33,453.25	32,838.21	32,856.46	32,856.46	299,400,000
Mar 06, 2023	33,425.32	33,572.22	33,383.47	33,431.44	33,431.44	329,190,000
Mar 03, 2023	33,076.33	33,405.82	33,008.41	33,390.97	33,390.97	300,050,000
Mar 02, 2023	32,780.97	33,083.45	32,665.85	33,003.57	33,003.57	317,450,000
Mar 01, 2023	32,656.37	32,746.15	32,500.71	32,661.84	32,661.84	292,810,000
Feb 28, 2023	32,873.47	32,873.47	32,636.43	32,656.70	32,656.70	303,760,000
Feb 27, 2023	32,906.16	33,189.28	32,814.18	32,889.09	32,889.09	243,660,000
Feb 24, 2023	32,999.19	32,999.19	32,643.48	32,816.92	32,816.92	277,120,000
Feb 23, 2023	33,175.39	33,272.40	32,795.67	33,153.91	33,153.91	288,120,000
Feb 22, 2023	33,169.33	33,245.97	32,948.27	33,045.09	33,045.09	321,910,000
Feb 21, 2023	33,699.69	33,699.69	33,115.74	33,129.59	33,129.59	348,320,000
Feb 17, 2023	33,677.01	33,846.64	33,517.73	33,826.69	33,826.69	302,900,000
Feb 16, 2023	33,992.09	34,041.16	33,686.59	33,696.85	33,696.85	317,530,000
Feb 15, 2023	34,008.63	34,130.49	33,833.10	34,128.05	34,128.05	267,530,000
Feb 14, 2023	34,194.09	34,331.47	33,827.45	34,089.27	34,089.27	288,820,000
Feb 13, 2023	33,887.39	34,249.60	33,887.39	34,245.93	34,245.93	302,600,000
Feb 10, 2023	33,671.54	33,897.31	33,591.99	33,869.27	33,869.27	288,150,000
Feb 09, 2023	34,105.61	34,252.57	33,607.13	33,699.88	33,699.88	347,520,000
Feb 08, 2023	34,132.90	34,161.65	33,899.79	33,949.01	33,949.01	324,090,000
Feb 07, 2023	33,769.78	34,240.00	33,634.10	34,156.69	34,156.69	361,620,000
Feb 06, 2023	33,874.44	33,962.84	33,683.58	33,891.02	33,891.02	296,400,000
Feb 03, 2023	33,926.30	34,179.58	33,813.86	33,926.01	33,926.01	425,150,000
Feb 02, 2023	34,129.30	34,145.14	33,814.78	34,053.94	34,053.94	429,910,000
Feb 01, 2023	34,039.60	34,334.70	33,581.42	34,092.96	34,092.96	370,120,000
Jan 31, 2023	33,803.56	34,095.23	33,664.91	34,086.04	34,086.04	360,240,000
Jan 30, 2023	33,909.21	34,055.29	33,695.18	33,717.09	33,717.09	343,920,000
Jan 27, 2023	33,952.93	34,164.33	33,830.85	33,978.08	33,978.08	441,260,000
Jan 26, 2023	33,771.66	33,953.79	33,635.60	33,949.41	33,949.41	327,000,000
Jan 25, 2023	33,538.36	33,773.09	33,273.21	33,743.84	33,743.84	341,720,000
Jan 24, 2023	33,444.72	33,782.92	33,310.56	33,733.96	33,733.96	299,310,000
Jan 23, 2023	33,439.56	33,782.88	33,316.25	33,629.56	33,629.56	355,220,000
Jan 20, 2023	33,073.46	33,381.95	32,948.93	33,375.49	33,375.49	367,330,000
Jan 19, 2023	33,171.35	33,227.49	32,982.05	33,044.56	33,044.56	319,770,000
Jan 18, 2023	33,948.49	34,016.53	33,269.90	33,296.96	33,296.96	351,670,000
Jan 17, 2023	34,222.32	34,269.97	33,860.67	33,910.85	33,910.85	353,050,000
Jan 13, 2023	34,075.31	34,342.32	33,915.49	34,302.61	34,302.61	274,110,000
Jan 12, 2023	34,047.86	34,292.67	33,792.10	34,189.97	34,189.97	308,190,000
Jan 11, 2023	33,754.03	33,974.69	33,711.04	33,973.01	33,973.01	301,650,000
Jan 10, 2023	33,516.43	33,726.54	33,421.80	33,704.10	33,704.10	268,260,000
Jan 09, 2023	33,664.39	33,935.11	33,487.66	33,517.65	33,517.65	327,840,000
Jan 06, 2023	33,055.30	33,710.66	32,997.39	33,630.61	33,630.61	360,740,000
Jan 05, 2023	33,191.72	33,191.72	32,812.33	32,930.08	32,930.08	337,920,000
Jan 04, 2023	33,165.14	33,409.10	33,033.48	33,269.77	33,269.77	379,400,000
Jan 03, 2023	33,148.90	33,387.52	32,850.57	33,136.37	33,136.37	355,930,000
Dec 30, 2022	33,121.61	33,152.55	32,847.82	33,147.25	33,147.25	295,500,000
Dec 29, 2022	33,021.43	33,293.42	33,020.35	33,220.80	33,220.80	243,060,000
Dec 28, 2022	33,264.76	33,379.55	32,869.15	32,875.71	32,875.71	252,260,000
Dec 27, 2022	33,224.23	33,387.72	33,069.58	33,241.56	33,241.56	246,010,000
Dec 23, 2022	32,961.06	33,226.14	32,814.02	33,203.93	33,203.93	221,050,000
Dec 22, 2022	33,233.35	33,233.35	32,573.43	33,027.49	33,027.49	340,640,000
Dec 21, 2022	33,028.09	33,437.84	33,028.09	33,376.48	33,376.48	328,020,000
Dec 20, 2022	32,735.24	32,992.23	32,649.45	32,849.74	32,849.74	303,970,000
Dec 19, 2022	32,921.45	33,038.94	32,581.97	32,757.54	32,757.54	326,430,000
Dec 16, 2022	33,166.46	33,166.46	32,654.59	32,920.46	32,920.46	756,310,000
Dec 15, 2022	33,773.00	33,773.00	33,016.16	33,202.22	33,202.22	394,290,000
Dec 14, 2022	34,086.07	34,395.65	33,704.17	33,966.35	33,966.35	339,090,000
Dec 13, 2022	34,268.44	34,712.28	33,890.88	34,108.64	34,108.64	442,650,000
Dec 12, 2022	33,519.50	34,005.04	33,519.50	34,005.04	34,005.04	313,440,000
Dec 09, 2022	33,746.71	33,844.63	33,462.65	33,476.46	33,476.46	287,630,000
Dec 08, 2022	33,695.97	33,899.17	33,642.46	33,781.48	33,781.48	271,830,000
Dec 07, 2022	33,556.40	33,774.27	33,503.67	33,597.92	33,597.92	359,980,000
Dec 06, 2022	33,936.87	34,006.63	33,418.59	33,596.34	33,596.34	306,220,000
Dec 05, 2022	34,335.73	34,335.73	33,846.81	33,947.10	33,947.10	312,960,000
Dec 02, 2022	34,265.45	34,483.21	34,039.73	34,429.88	34,429.88	290,580,000
Dec 01, 2022	34,533.59	34,595.51	34,129.35	34,395.01	34,395.01	348,720,000
Nov 30, 2022	33,795.43	34,589.77	33,583.77	34,589.77	34,589.77	524,440,000
Nov 29, 2022	33,847.80	33,933.91	33,662.45	33,852.53	33,852.53	279,750,000
Nov 28, 2022	34,275.91	34,303.88	33,799.35	33,849.46	33,849.46	300,330,000
Nov 25, 2022	34,213.04	34,386.51	34,199.57	34,347.03	34,347.03	131,660,000
Nov 23, 2022	34,091.57	34,262.07	34,004.64	34,194.06	34,194.06	236,820,000
Nov 22, 2022	33,810.05	34,115.70	33,810.05	34,098.10	34,098.10	277,070,000
Nov 21, 2022	33,760.30	33,864.59	33,559.18	33,700.28	33,700.28	352,960,000
Nov 18, 2022	33,606.59	33,827.94	33,540.64	33,745.69	33,745.69	312,950,000
Nov 17, 2022	33,329.27	33,616.02	33,239.75	33,546.32	33,546.32	319,210,000
Nov 16, 2022	33,554.93	33,682.83	33,516.99	33,553.83	33,553.83	301,560,000
Nov 15, 2022	33,755.94	33,987.06	33,320.20	33,592.92	33,592.92	390,610,000
Nov 14, 2022	33,662.05	33,964.30	33,533.96	33,536.70	33,536.70	354,340,000
Nov 11, 2022	33,797.75	33,817.96	33,394.43	33,747.86	33,747.86	427,790,000
Nov 10, 2022	33,263.91	33,727.73	33,167.82	33,715.37	33,715.37	480,130,000
Nov 09, 2022	33,004.47	33,065.11	32,478.87	32,513.94	32,513.94	355,200,000
Nov 08, 2022	32,934.56	33,355.39	32,831.46	33,160.83	33,160.83	335,340,000
Nov 07, 2022	32,454.10	32,895.59	32,424.99	32,827.00	32,827.00	336,300,000
Nov 04, 2022	32,265.01	32,611.52	31,938.92	32,403.22	32,403.22	422,370,000
Nov 03, 2022	31,985.05	32,185.71	31,727.05	32,001.25	32,001.25	354,440,000
Nov 02, 2022	32,576.28	33,071.93	32,139.77	32,147.76	32,147.76	398,430,000
Nov 01, 2022	32,862.79	32,975.48	32,485.23	32,653.20	32,653.20	323,210,000
Oct 31, 2022	32,754.27	32,883.86	32,586.93	32,732.95	32,732.95	390,890,000
Oct 28, 2022	32,204.31	32,889.81	32,158.38	32,861.80	32,861.80	495,830,000
Oct 27, 2022	32,062.14	32,388.42	31,993.21	32,033.28	32,033.28	375,720,000
Oct 26, 2022	31,738.44	32,172.42	31,738.44	31,839.11	31,839.11	430,400,000
Oct 25, 2022	31,463.65	31,876.15	31,423.53	31,836.74	31,836.74	336,930,000
Oct 24, 2022	31,187.32	31,603.63	31,161.41	31,499.62	31,499.62	345,040,000
Oct 21, 2022	30,291.18	31,119.27	30,206.28	31,082.56	31,082.56	418,190,000
Oct 20, 2022	30,411.92	30,822.96	30,265.20	30,333.59	30,333.59	333,190,000
Oct 19, 2022	30,439.04	30,662.11	30,226.90	30,423.81	30,423.81	314,030,000
Oct 18, 2022	30,697.52	30,837.90	30,301.83	30,523.80	30,523.80	387,130,000
Oct 17, 2022	30,059.58	30,311.95	29,997.62	30,185.82	30,185.82	369,820,000
Oct 14, 2022	30,192.21	30,428.82	29,614.30	29,634.83	29,634.83	379,090,000
Oct 13, 2022	28,755.83	30,168.54	28,660.94	30,038.72	30,038.72	470,260,000
Oct 12, 2022	29,233.06	29,455.12	29,136.03	29,210.85	29,210.85	304,420,000
Oct 11, 2022	29,085.20	29,608.42	29,074.23	29,239.19	29,239.19	352,920,000
Oct 10, 2022	29,419.09	29,485.82	29,010.41	29,202.88	29,202.88	315,410,000
Oct 07, 2022	29,685.27	29,685.27	29,142.66	29,296.79	29,296.79	367,950,000
Oct 06, 2022	30,206.13	30,329.61	29,859.34	29,926.94	29,926.94	306,840,000
Oct 05, 2022	30,078.36	30,454.46	29,886.44	30,273.87	30,273.87	290,610,000
Oct 04, 2022	29,826.67	30,325.05	29,826.67	30,316.32	30,316.32	375,640,000
Oct 03, 2022	28,855.25	29,647.79	28,855.25	29,490.89	29,490.89	397,830,000
Sep 30, 2022	29,123.03	29,355.78	28,715.85	28,725.51	28,725.51	464,260,000
Sep 29, 2022	29,513.73	29,513.73	28,997.34	29,225.61	29,225.61	388,820,000
Sep 28, 2022	29,198.92	29,811.78	29,114.97	29,683.74	29,683.74	436,040,000
Sep 27, 2022	29,419.88	29,659.12	28,958.22	29,134.99	29,134.99	355,460,000
Sep 26, 2022	29,536.84	29,630.77	29,161.12	29,260.81	29,260.81	369,450,000
Sep 23, 2022	29,955.65	29,955.65	29,250.47	29,590.41	29,590.41	388,200,000
Sep 22, 2022	30,204.52	30,302.28	29,994.53	30,076.68	30,076.68	335,270,000
Sep 21, 2022	30,819.39	31,020.79	30,181.99	30,183.78	30,183.78	354,960,000
Sep 20, 2022	30,888.53	30,888.53	30,465.91	30,706.23	30,706.23	317,970,000
Sep 19, 2022	30,722.86	31,026.89	30,559.37	31,019.68	31,019.68	291,200,000
Sep 16, 2022	30,866.61	30,866.61	30,550.08	30,822.42	30,822.42	627,920,000
Sep 15, 2022	31,124.68	31,277.69	30,882.08	30,961.82	30,961.82	345,500,000
Sep 14, 2022	31,141.02	31,276.82	30,885.02	31,135.09	31,135.09	348,670,000
Sep 13, 2022	32,006.50	32,006.50	31,018.54	31,104.97	31,104.97	428,930,000
Sep 12, 2022	32,159.49	32,504.04	32,159.49	32,381.34	32,381.34	339,250,000
Sep 09, 2022	31,876.22	32,227.74	31,876.22	32,151.71	32,151.71	310,980,000
Sep 08, 2022	31,481.95	31,783.37	31,321.50	31,774.52	31,774.52	344,340,000
Sep 07, 2022	31,145.63	31,644.34	31,095.21	31,581.28	31,581.28	345,080,000
Sep 06, 2022	31,343.79	31,463.89	31,048.46	31,145.30	31,145.30	347,320,000
Sep 02, 2022	31,848.50	32,026.90	31,182.09	31,318.44	31,318.44	306,180,000
Sep 01, 2022	31,454.58	31,677.51	31,219.75	31,656.42	31,656.42	339,360,000
Aug 31, 2022	31,827.15	31,966.04	31,509.59	31,510.43	31,510.43	392,780,000
Aug 30, 2022	32,163.84	32,205.66	31,647.22	31,790.87	31,790.87	317,150,000
Aug 29, 2022	32,188.00	32,325.16	31,972.79	32,098.99	32,098.99	317,820,000
Aug 26, 2022	33,293.43	33,364.70	32,278.22	32,283.40	32,283.40	352,850,000
Aug 25, 2022	33,029.27	33,306.09	32,889.85	33,291.78	33,291.78	308,530,000
Aug 24, 2022	32,899.01	33,095.50	32,828.56	32,969.23	32,969.23	256,900,000
Aug 23, 2022	33,033.52	33,138.26	32,858.89	32,909.59	32,909.59	251,870,000
Aug 22, 2022	33,586.59	33,586.59	33,007.63	33,063.61	33,063.61	308,900,000
Aug 19, 2022	33,904.69	33,904.69	33,627.09	33,706.74	33,706.74	293,990,000
Aug 18, 2022	33,981.86	34,043.83	33,844.46	33,999.04	33,999.04	282,550,000
Aug 17, 2022	34,029.55	34,161.01	33,828.41	33,980.32	33,980.32	281,390,000
Aug 16, 2022	33,924.35	34,281.36	33,852.57	34,152.01	34,152.01	288,670,000
Aug 15, 2022	33,710.70	33,954.71	33,582.96	33,912.44	33,912.44	262,670,000
Aug 12, 2022	33,430.72	33,767.09	33,398.32	33,761.05	33,761.05	299,140,000
Aug 11, 2022	33,451.51	33,651.80	33,289.83	33,336.67	33,336.67	308,030,000
Aug 10, 2022	33,130.63	33,364.41	33,130.63	33,309.51	33,309.51	311,740,000
Aug 09, 2022	32,807.36	32,877.53	32,702.66	32,774.41	32,774.41	281,080,000
Aug 08, 2022	32,877.36	33,109.96	32,769.10	32,832.54	32,832.54	275,350,000
Aug 05, 2022	32,593.90	32,814.61	32,489.62	32,803.47	32,803.47	273,010,000
Aug 04, 2022	32,805.69	32,829.22	32,652.63	32,726.82	32,726.82	315,590,000
Aug 03, 2022	32,514.21	32,912.74	32,514.21	32,812.50	32,812.50	342,160,000
Aug 02, 2022	32,691.29	32,772.93	32,387.12	32,396.17	32,396.17	316,740,000
Aug 01, 2022	32,755.71	32,972.03	32,640.79	32,798.40	32,798.40	321,180,000
Jul 29, 2022	32,515.62	32,910.18	32,493.02	32,845.13	32,845.13	487,360,000
Jul 28, 2022	32,197.62	32,609.54	31,982.61	32,529.63	32,529.63	331,110,000
Jul 27, 2022	31,865.05	32,336.23	31,799.43	32,197.59	32,197.59	365,480,000
Jul 26, 2022	31,950.04	31,950.04	31,705.36	31,761.54	31,761.54	324,930,000
Jul 25, 2022	31,950.93	32,029.03	31,821.67	31,990.04	31,990.04	255,450,000
Jul 22, 2022	32,167.92	32,219.25	31,731.47	31,899.29	31,899.29	319,880,000
Jul 21, 2022	31,826.49	32,040.63	31,534.08	32,036.90	32,036.90	302,320,000
Jul 20, 2022	31,829.99	31,944.45	31,646.95	31,874.84	31,874.84	313,520,000
Jul 19, 2022	31,165.91	31,842.25	31,165.91	31,827.05	31,827.05	378,720,000
Jul 18, 2022	31,475.98	31,644.68	30,982.97	31,072.61	31,072.61	309,960,000
Jul 15, 2022	30,775.37	31,288.26	30,775.37	31,288.26	31,288.26	321,570,000
Jul 14, 2022	30,451.80	30,680.12	30,143.93	30,630.17	30,630.17	325,130,000
Jul 13, 2022	30,743.63	30,979.17	30,514.61	30,772.79	30,772.79	291,830,000
Jul 12, 2022	31,113.31	31,346.10	30,860.51	30,981.33	30,981.33	324,190,000
Jul 11, 2022	31,277.98	31,367.55	31,114.40	31,173.84	31,173.84	245,020,000
Jul 08, 2022	31,348.43	31,511.46	31,212.45	31,338.15	31,338.15	238,120,000
Jul 07, 2022	31,190.65	31,421.84	31,154.64	31,384.55	31,384.55	296,620,000
Jul 06, 2022	30,957.30	31,224.69	30,794.84	31,037.68	31,037.68	289,800,000
Jul 05, 2022	30,903.12	30,971.74	30,355.12	30,967.82	30,967.82	323,080,000
Jul 01, 2022	30,737.77	31,139.35	30,487.79	31,097.26	31,097.26	310,440,000
Jun 30, 2022	30,790.00	30,979.85	30,431.87	30,775.43	30,775.43	394,070,000
Jun 29, 2022	31,067.41	31,152.96	30,894.53	31,029.31	31,029.31	269,390,000
Jun 28, 2022	31,549.05	31,885.09	30,934.33	30,946.99	30,946.99	350,780,000
Jun 27, 2022	31,533.60	31,598.59	31,351.37	31,438.26	31,438.26	309,910,000
Jun 24, 2022	30,846.94	31,517.29	30,846.94	31,500.68	31,500.68	465,480,000
Jun 23, 2022	30,570.33	30,715.63	30,293.40	30,677.36	30,677.36	361,420,000
Jun 22, 2022	30,352.57	30,777.92	30,166.01	30,483.13	30,483.13	343,490,000
Jun 21, 2022	30,074.69	30,653.98	30,074.69	30,530.25	30,530.25	376,900,000
Jun 17, 2022	29,912.70	30,167.52	29,653.29	29,888.78	29,888.78	692,830,000
Jun 16, 2022	30,305.74	30,305.74	29,740.35	29,927.07	29,927.07	442,910,000
Jun 15, 2022	30,570.50	31,011.97	30,185.08	30,668.53	30,668.53	392,670,000
Jun 14, 2022	30,592.34	30,690.80	30,144.23	30,364.83	30,364.83	366,800,000
Jun 13, 2022	31,144.91	31,144.91	30,373.72	30,516.74	30,516.74	472,290,000
Jun 10, 2022	32,053.52	32,053.52	31,387.84	31,392.79	31,392.79	362,300,000
Jun 09, 2022	32,828.62	32,956.73	32,267.78	32,272.79	32,272.79	289,710,000
Jun 08, 2022	33,087.07	33,156.50	32,824.37	32,910.90	32,910.90	270,470,000
Jun 07, 2022	32,783.03	33,207.45	32,641.85	33,180.14	33,180.14	270,750,000
Jun 06, 2022	33,032.04	33,235.37	32,819.50	32,915.78	32,915.78	253,010,000
Jun 03, 2022	32,986.32	33,135.61	32,839.21	32,899.70	32,899.70	298,570,000
Jun 02, 2022	32,809.01	33,248.61	32,509.43	33,248.28	33,248.28	333,210,000
Jun 01, 2022	33,156.31	33,272.34	32,584.76	32,813.23	32,813.23	338,210,000
May 31, 2022	33,160.59	33,240.22	32,752.34	32,990.12	32,990.12	533,560,000
May 27, 2022	32,735.09	33,213.62	32,682.01	33,212.96	33,212.96	328,770,000
May 26, 2022	32,248.17	32,774.14	32,248.17	32,637.19	32,637.19	351,220,000
May 25, 2022	31,816.31	32,254.44	31,754.33	32,120.28	32,120.28	343,460,000
May 24, 2022	31,717.61	32,014.86	31,365.59	31,928.62	31,928.62	382,950,000
May 23, 2022	31,395.89	31,968.42	31,395.89	31,880.24	31,880.24	402,010,000
May 20, 2022	31,426.94	31,515.78	30,635.76	31,261.90	31,261.90	495,510,000
May 19, 2022	31,262.62	31,569.13	31,016.41	31,253.13	31,253.13	517,190,000
May 18, 2022	32,468.67	32,468.67	31,393.95	31,490.07	31,490.07	465,060,000
May 17, 2022	32,427.00	32,689.14	32,308.15	32,654.59	32,654.59	389,310,000
May 16, 2022	32,152.15	32,514.02	31,928.18	32,223.42	32,223.42	330,030,000
May 13, 2022	31,963.86	32,276.05	31,862.79	32,196.66	32,196.66	388,520,000
May 12, 2022	31,699.04	31,914.46	31,228.22	31,730.30	31,730.30	544,240,000
May 11, 2022	32,123.24	32,584.02	31,798.86	31,834.11	31,834.11	458,460,000
May 10, 2022	32,504.09	32,752.17	31,887.89	32,160.74	32,160.74	439,290,000
May 09, 2022	32,685.17	32,685.17	32,121.98	32,245.70	32,245.70	470,770,000
May 06, 2022	32,773.88	33,055.84	32,474.69	32,899.37	32,899.37	416,520,000
May 05, 2022	33,854.17	33,854.17	32,685.10	32,997.97	32,997.97	448,420,000
May 04, 2022	33,171.80	34,117.74	33,021.84	34,061.06	34,061.06	411,060,000
May 03, 2022	33,086.09	33,341.58	32,914.75	33,128.79	33,128.79	364,420,000
May 02, 2022	32,978.49	33,224.95	32,449.87	33,061.50	33,061.50	453,390,000
Apr 29, 2022	33,787.01	33,919.59	32,913.15	32,977.21	32,977.21	501,560,000
Apr 28, 2022	33,425.96	34,054.79	33,248.46	33,916.39	33,916.39	440,380,000
Apr 27, 2022	33,450.92	33,697.18	33,108.89	33,301.93	33,301.93	447,230,000
Apr 26, 2022	33,907.49	33,909.51	33,230.95	33,240.18	33,240.18	400,020,000
Apr 25, 2022	33,731.65	34,106.01	33,323.37	34,049.46	34,049.46	416,900,000
Apr 22, 2022	34,727.38	34,727.38	33,773.39	33,811.40	33,811.40	373,280,000
Apr 21, 2022	35,258.80	35,492.22	34,723.82	34,792.76	34,792.76	366,390,000
Apr 20, 2022	34,962.67	35,315.40	34,962.67	35,160.79	35,160.79	337,620,000
Apr 19, 2022	34,394.62	34,983.11	34,394.62	34,911.20	34,911.20	296,350,000
Apr 18, 2022	34,411.49	34,618.29	34,279.08	34,411.69	34,411.69	264,110,000
Apr 14, 2022	34,628.46	34,889.17	34,437.50	34,451.23	34,451.23	353,680,000
Apr 13, 2022	34,166.64	34,598.36	34,140.64	34,564.59	34,564.59	313,630,000
Apr 12, 2022	34,412.51	34,669.97	34,102.81	34,220.36	34,220.36	333,510,000
Apr 11, 2022	34,630.27	34,701.34	34,272.29	34,308.08	34,308.08	333,290,000
Apr 08, 2022	34,569.24	34,908.46	34,470.19	34,721.12	34,721.12	301,750,000
Apr 07, 2022	34,439.24	34,705.83	34,190.95	34,583.57	34,583.57	319,870,000
Apr 06, 2022	34,520.34	34,609.84	34,277.17	34,496.51	34,496.51	386,250,000
Apr 05, 2022	34,876.33	35,112.21	34,566.04	34,641.18	34,641.18	304,010,000
Apr 04, 2022	34,799.98	34,940.78	34,615.38	34,921.88	34,921.88	316,570,000
Apr 01, 2022	34,740.89	34,847.91	34,538.25	34,818.27	34,818.27	340,400,000
Mar 31, 2022	35,201.52	35,201.52	34,677.99	34,678.35	34,678.35	433,400,000
Mar 30, 2022	35,273.63	35,361.36	35,058.58	35,228.81	35,228.81	317,320,000
Mar 29, 2022	35,114.35	35,372.26	35,030.07	35,294.19	35,294.19	355,050,000
Mar 28, 2022	34,833.03	34,957.93	34,552.23	34,955.89	34,955.89	299,790,000
Mar 25, 2022	34,702.39	34,942.70	34,631.52	34,861.24	34,861.24	285,440,000
Mar 24, 2022	34,406.81	34,713.56	34,355.42	34,707.94	34,707.94	324,870,000
Mar 23, 2022	34,748.84	34,748.84	34,352.96	34,358.50	34,358.50	347,880,000
Mar 22, 2022	34,583.24	34,882.03	34,583.24	34,807.46	34,807.46	368,550,000
Mar 21, 2022	34,669.85	34,808.28	34,341.81	34,552.99	34,552.99	408,490,000
Mar 18, 2022	34,466.72	34,755.20	34,279.83	34,754.93	34,754.93	615,420,000
Mar 17, 2022	33,995.39	34,483.92	33,896.06	34,480.76	34,480.76	339,470,000
Mar 16, 2022	33,653.93	34,075.94	33,391.24	34,063.10	34,063.10	427,400,000
Mar 15, 2022	32,989.27	33,620.84	32,989.27	33,544.34	33,544.34	388,810,000
Mar 14, 2022	33,000.37	33,395.59	32,818.16	32,945.24	32,945.24	394,940,000
Mar 11, 2022	33,279.72	33,515.61	32,911.89	32,944.19	32,944.19	369,480,000
Mar 10, 2022	33,106.77	33,236.59	32,819.76	33,174.07	33,174.07	399,480,000
Mar 09, 2022	32,860.42	33,457.28	32,860.42	33,286.25	33,286.25	418,670,000
Mar 08, 2022	32,885.17	33,402.98	32,578.73	32,632.64	32,632.64	553,750,000
Mar 07, 2022	33,579.75	33,579.75	32,806.15	32,817.38	32,817.38	488,400,000
Mar 04, 2022	33,655.43	33,655.43	33,254.12	33,614.80	33,614.80	408,390,000
Mar 03, 2022	33,972.87	34,179.07	33,641.53	33,794.66	33,794.66	369,740,000
Mar 02, 2022	33,379.51	34,013.67	33,379.51	33,891.35	33,891.35	400,920,000
Mar 01, 2022	33,813.48	33,870.14	33,107.67	33,294.95	33,294.95	438,730,000
Feb 28, 2022	33,870.62	33,963.63	33,469.31	33,892.60	33,892.60	443,460,000
Feb 25, 2022	33,277.22	34,095.74	33,277.22	34,058.75	34,058.75	417,630,000
Feb 24, 2022	32,830.33	33,269.34	32,272.64	33,223.83	33,223.83	590,850,000
Feb 23, 2022	33,680.97	33,832.59	33,084.90	33,131.76	33,131.76	370,600,000
Feb 22, 2022	33,974.09	34,024.74	33,364.29	33,596.61	33,596.61	432,090,000
Feb 18, 2022	34,310.45	34,423.58	33,976.18	34,079.18	34,079.18	414,080,000
Feb 17, 2022	34,858.47	34,858.47	34,246.23	34,312.03	34,312.03	348,720,000
Feb 16, 2022	34,951.83	35,042.09	34,642.64	34,934.27	34,934.27	294,410,000
Feb 15, 2022	34,686.19	35,047.79	34,686.19	34,988.84	34,988.84	305,670,000
Feb 14, 2022	34,694.50	34,744.56	34,304.28	34,566.17	34,566.17	370,320,000
Feb 11, 2022	35,267.89	35,431.15	34,620.52	34,738.06	34,738.06	398,860,000
Feb 10, 2022	35,630.81	35,800.24	35,100.72	35,241.59	35,241.59	411,620,000
Feb 09, 2022	35,614.90	35,824.28	35,614.90	35,768.06	35,768.06	333,610,000
Feb 08, 2022	35,160.68	35,544.89	35,090.42	35,462.78	35,462.78	319,190,000
Feb 07, 2022	35,108.38	35,325.01	34,993.98	35,091.13	35,091.13	328,910,000
Feb 04, 2022	35,095.74	35,333.55	34,799.08	35,089.74	35,089.74	349,880,000
Feb 03, 2022	35,520.08	35,535.94	35,071.06	35,111.16	35,111.16	381,020,000
Feb 02, 2022	35,378.19	35,679.20	35,290.12	35,629.33	35,629.33	359,540,000
Feb 01, 2022	35,151.47	35,441.09	34,977.95	35,405.24	35,405.24	386,080,000
Jan 31, 2022	34,691.17	35,148.14	34,496.10	35,131.86	35,131.86	468,070,000
Jan 28, 2022	34,135.24	34,731.77	33,807.51	34,725.47	34,725.47	568,440,000
Jan 27, 2022	34,261.75	34,773.32	34,007.78	34,160.78	34,160.78	527,780,000
Jan 26, 2022	34,520.82	34,815.67	33,876.48	34,168.09	34,168.09	546,330,000
Jan 25, 2022	34,186.64	34,591.04	33,545.52	34,297.73	34,297.73	506,430,000
Jan 24, 2022	34,070.61	34,420.99	33,150.33	34,364.50	34,364.50	664,010,000
Jan 21, 2022	34,701.69	34,896.67	34,229.55	34,265.37	34,265.37	523,880,000
Jan 20, 2022	35,102.66	35,490.20	34,670.12	34,715.39	34,715.39	369,070,000
Jan 19, 2022	35,412.30	35,547.83	35,015.49	35,028.65	35,028.65	393,080,000
Jan 18, 2022	35,661.76	35,661.76	35,262.02	35,368.47	35,368.47	427,260,000
Jan 14, 2022	35,996.43	35,996.43	35,641.49	35,911.81	35,911.81	389,200,000
Jan 13, 2022	36,312.49	36,513.88	36,044.22	36,113.62	36,113.62	343,640,000
Jan 12, 2022	36,336.16	36,453.49	36,168.15	36,290.32	36,290.32	310,180,000
Jan 11, 2022	36,058.85	36,271.47	35,769.38	36,252.02	36,252.02	356,850,000
Jan 10, 2022	36,175.21	36,175.21	35,639.91	36,068.87	36,068.87	430,680,000
Jan 07, 2022	36,249.59	36,382.84	36,111.53	36,231.66	36,231.66	356,110,000
Jan 06, 2022	36,409.05	36,464.19	36,200.68	36,236.47	36,236.47	385,890,000
Jan 05, 2022	36,722.60	36,952.65	36,400.39	36,407.11	36,407.11	462,040,000
Jan 04, 2022	36,636.00	36,934.84	36,636.00	36,799.65	36,799.65	435,080,000
Jan 03, 2022	36,321.59	36,595.82	36,246.45	36,585.06	36,585.06	347,930,000
Dec 31, 2021	36,385.85	36,484.94	36,303.97	36,338.30	36,338.30	213,200,000
Dec 30, 2021	36,522.48	36,679.44	36,372.13	36,398.08	36,398.08	205,620,000
Dec 29, 2021	36,421.14	36,571.55	36,396.19	36,488.63	36,488.63	213,480,000
Dec 28, 2021	36,302.99	36,527.26	36,302.99	36,398.21	36,398.21	239,090,000
Dec 27, 2021	35,954.48	36,306.61	35,954.48	36,302.38	36,302.38	244,350,000
Dec 23, 2021	35,782.42	36,060.99	35,782.42	35,950.56	35,950.56	247,420,000
Dec 22, 2021	35,491.71	35,764.67	35,433.13	35,753.89	35,753.89	281,930,000
Dec 21, 2021	35,069.50	35,508.96	35,069.50	35,492.70	35,492.70	346,080,000
Dec 20, 2021	35,222.12	35,222.12	34,665.50	34,932.16	34,932.16	386,590,000
Dec 17, 2021	35,800.11	35,800.11	35,284.26	35,365.44	35,365.44	750,480,000
Dec 16, 2021	36,036.28	36,189.83	35,778.21	35,897.64	35,897.64	473,620,000
Dec 15, 2021	35,549.35	35,943.84	35,389.30	35,927.43	35,927.43	424,720,000
Dec 14, 2021	35,605.73	35,779.47	35,441.74	35,544.18	35,544.18	440,900,000
Dec 13, 2021	35,958.93	35,958.93	35,609.53	35,650.95	35,650.95	441,110,000
Dec 10, 2021	35,830.55	35,982.69	35,710.43	35,970.99	35,970.99	361,200,000
Dec 09, 2021	35,722.26	35,864.24	35,577.14	35,754.69	35,754.69	353,020,000
Dec 08, 2021	35,716.85	35,840.52	35,602.65	35,754.75	35,754.75	387,650,000
Dec 07, 2021	35,423.99	35,819.47	35,423.99	35,719.43	35,719.43	474,940,000
Dec 06, 2021	34,633.43	35,356.75	34,633.43	35,227.03	35,227.03	416,720,000
Dec 03, 2021	34,692.78	34,801.31	34,264.57	34,580.08	34,580.08	439,550,000
Dec 02, 2021	34,076.25	34,759.65	34,076.25	34,639.79	34,639.79	466,900,000
Dec 01, 2021	34,678.94	35,004.64	34,006.98	34,022.04	34,022.04	496,000,000
Nov 30, 2021	35,056.99	35,056.99	34,424.44	34,483.72	34,483.72	678,800,000
Nov 29, 2021	35,017.71	35,287.91	34,895.89	35,135.94	35,135.94	416,040,000
Nov 26, 2021	35,366.69	35,366.69	34,749.80	34,899.34	34,899.34	324,580,000
Nov 24, 2021	35,752.31	35,825.47	35,591.03	35,804.38	35,804.38	280,960,000
Nov 23, 2021	35,619.92	35,841.52	35,542.87	35,813.80	35,813.80	392,520,000
Nov 22, 2021	35,631.41	35,929.66	35,615.55	35,619.25	35,619.25	420,810,000
Nov 19, 2021	35,879.09	35,879.09	35,555.37	35,601.98	35,601.98	408,840,000
Nov 18, 2021	35,901.69	35,952.63	35,654.39	35,870.95	35,870.95	435,080,000
Nov 17, 2021	36,159.70	36,159.70	35,909.48	35,931.05	35,931.05	358,310,000
Nov 16, 2021	36,076.18	36,316.61	36,076.18	36,142.22	36,142.22	308,290,000
Nov 15, 2021	36,128.83	36,236.07	36,031.78	36,087.45	36,087.45	280,660,000
Nov 12, 2021	35,963.78	36,147.63	35,934.59	36,100.31	36,100.31	293,180,000
Nov 11, 2021	36,038.78	36,108.17	35,915.27	35,921.23	35,921.23	270,320,000
Nov 10, 2021	36,299.25	36,346.61	36,009.50	36,079.94	36,079.94	278,390,000
Nov 09, 2021	36,404.53	36,416.98	36,173.07	36,319.98	36,319.98	258,020,000
Nov 08, 2021	36,416.46	36,565.73	36,334.42	36,432.22	36,432.22	284,400,000
Nov 05, 2021	36,268.75	36,484.75	36,190.20	36,327.95	36,327.95	344,600,000
Nov 04, 2021	36,107.46	36,168.03	35,986.48	36,124.23	36,124.23	307,640,000
Nov 03, 2021	36,059.09	36,178.51	35,891.73	36,157.58	36,157.58	262,540,000
Nov 02, 2021	35,935.11	36,088.81	35,884.13	36,052.63	36,052.63	304,510,000
Nov 01, 2021	35,833.65	36,009.74	35,797.97	35,913.84	35,913.84	292,880,000
Oct 29, 2021	35,712.28	35,852.53	35,633.20	35,819.56	35,819.56	399,400,000
Oct 28, 2021	35,545.41	35,742.25	35,545.41	35,730.48	35,730.48	337,400,000
Oct 27, 2021	35,835.43	35,835.43	35,490.43	35,490.69	35,490.69	354,180,000
Oct 26, 2021	35,791.05	35,892.92	35,734.73	35,756.88	35,756.88	321,910,000
Oct 25, 2021	35,692.62	35,787.04	35,629.37	35,741.15	35,741.15	267,220,000
Oct 22, 2021	35,607.72	35,765.02	35,533.95	35,677.02	35,677.02	346,290,000
Oct 21, 2021	35,520.32	35,612.36	35,442.53	35,603.08	35,603.08	298,390,000
Oct 20, 2021	35,475.16	35,669.69	35,465.71	35,609.34	35,609.34	265,750,000
Oct 19, 2021	35,325.37	35,462.68	35,290.12	35,457.31	35,457.31	278,510,000
Oct 18, 2021	35,221.02	35,327.57	35,035.94	35,258.61	35,258.61	312,640,000
Oct 15, 2021	35,023.63	35,320.97	35,023.63	35,294.76	35,294.76	327,870,000
Oct 14, 2021	34,443.22	34,923.83	34,443.22	34,912.56	34,912.56	338,540,000
Oct 13, 2021	34,372.71	34,449.83	34,115.10	34,377.81	34,377.81	316,220,000
Oct 12, 2021	34,507.15	34,611.24	34,318.94	34,378.34	34,378.34	319,010,000
Oct 11, 2021	34,723.79	34,951.35	34,486.51	34,496.06	34,496.06	256,820,000
Oct 08, 2021	34,757.57	34,842.62	34,661.95	34,746.25	34,746.25	238,080,000
Oct 07, 2021	34,509.72	34,975.19	34,509.72	34,754.94	34,754.94	273,290,000
Oct 06, 2021	34,198.96	34,432.68	33,854.69	34,416.99	34,416.99	322,170,000
Oct 05, 2021	34,035.25	34,490.95	34,035.25	34,314.67	34,314.67	311,520,000
Oct 04, 2021	34,312.96	34,410.28	33,821.58	34,002.92	34,002.92	396,860,000
Oct 01, 2021	33,930.70	34,490.56	33,785.54	34,326.46	34,326.46	427,580,000
Sep 30, 2021	34,467.98	34,557.37	33,833.32	33,843.92	33,843.92	354,830,000
Sep 29, 2021	34,360.08	34,580.42	34,305.96	34,390.72	34,390.72	290,350,000
Sep 28, 2021	34,747.70	34,798.21	34,254.65	34,299.99	34,299.99	379,020,000
Sep 27, 2021	34,739.27	35,061.12	34,739.27	34,869.37	34,869.37	289,480,000
Sep 24, 2021	34,762.31	34,857.06	34,648.08	34,798.00	34,798.00	254,310,000
Sep 23, 2021	34,296.30	34,879.78	34,296.30	34,764.82	34,764.82	283,890,000
Sep 22, 2021	34,006.87	34,440.42	34,006.87	34,258.32	34,258.32	296,590,000
Sep 21, 2021	34,025.61	34,313.88	33,914.02	33,919.84	33,919.84	306,970,000
Sep 20, 2021	34,459.72	34,459.72	33,613.03	33,970.47	33,970.47	435,780,000
Sep 17, 2021	34,737.86	34,779.86	34,519.63	34,584.88	34,584.88	560,630,000
Sep 16, 2021	34,810.27	34,943.55	34,540.11	34,751.32	34,751.32	278,270,000
Sep 15, 2021	34,580.95	34,880.77	34,522.03	34,814.39	34,814.39	317,490,000
Sep 14, 2021	34,906.90	34,990.36	34,510.30	34,577.57	34,577.57	325,140,000
Sep 13, 2021	34,665.50	34,939.10	34,665.50	34,869.63	34,869.63	334,190,000
Sep 10, 2021	34,949.59	35,104.25	34,599.61	34,607.72	34,607.72	333,230,000
Sep 09, 2021	35,013.08	35,199.89	34,847.30	34,879.38	34,879.38	261,330,000
Sep 08, 2021	35,087.45	35,175.15	34,925.61	35,031.07	35,031.07	261,880,000
Sep 07, 2021	35,373.24	35,373.24	35,060.90	35,100.00	35,100.00	289,830,000
Sep 03, 2021	35,401.73	35,422.71	35,269.40	35,369.09	35,369.09	221,370,000
Sep 02, 2021	35,353.06	35,475.40	35,348.48	35,443.82	35,443.82	263,370,000
Sep 01, 2021	35,387.55	35,407.37	35,287.05	35,312.53	35,312.53	265,520,000
Aug 31, 2021	35,391.38	35,449.79	35,289.86	35,360.73	35,360.73	337,240,000
Aug 30, 2021	35,471.80	35,510.71	35,374.46	35,399.84	35,399.84	245,390,000
Aug 27, 2021	35,231.11	35,479.18	35,231.11	35,455.80	35,455.80	240,990,000
Aug 26, 2021	35,449.68	35,498.45	35,205.10	35,213.12	35,213.12	239,740,000
Aug 25, 2021	35,388.77	35,501.14	35,287.63	35,405.50	35,405.50	237,230,000
Aug 24, 2021	35,382.72	35,445.47	35,356.18	35,366.26	35,366.26	228,710,000
Aug 23, 2021	35,160.97	35,428.91	35,160.97	35,335.71	35,335.71	245,760,000
Aug 20, 2021	34,917.96	35,177.26	34,867.07	35,120.08	35,120.08	269,320,000
Aug 19, 2021	34,874.67	34,997.81	34,690.25	34,894.12	34,894.12	333,550,000
Aug 18, 2021	35,310.20	35,356.80	34,943.41	34,960.69	34,960.69	289,800,000
Aug 17, 2021	35,500.01	35,500.01	35,120.31	35,343.28	35,343.28	309,410,000
Aug 16, 2021	35,490.83	35,631.19	35,231.87	35,625.40	35,625.40	292,590,000
Aug 13, 2021	35,551.56	35,610.57	35,474.78	35,515.38	35,515.38	236,790,000
Aug 12, 2021	35,481.94	35,510.77	35,352.53	35,499.85	35,499.85	231,600,000
Aug 11, 2021	35,300.89	35,501.16	35,300.89	35,484.97	35,484.97	232,800,000
Aug 10, 2021	35,135.17	35,285.16	35,091.91	35,264.67	35,264.67	255,040,000
Aug 09, 2021	35,229.67	35,229.67	35,041.24	35,101.85	35,101.85	207,850,000
Aug 06, 2021	35,077.44	35,246.79	35,077.44	35,208.51	35,208.51	231,570,000
Aug 05, 2021	34,815.61	35,067.54	34,815.61	35,064.25	35,064.25	216,580,000
Aug 04, 2021	35,047.44	35,047.44	34,790.62	34,792.67	34,792.67	245,300,000
Aug 03, 2021	34,864.10	35,120.94	34,714.33	35,116.40	35,116.40	259,820,000
Aug 02, 2021	34,968.56	35,192.11	34,808.20	34,838.16	34,838.16	238,620,000
Jul 30, 2021	35,013.26	35,106.30	34,871.13	34,935.47	34,935.47	276,410,000
Jul 29, 2021	34,985.99	35,171.52	34,985.99	35,084.53	35,084.53	222,680,000
Jul 28, 2021	35,109.95	35,116.37	34,876.84	34,930.93	34,930.93	347,170,000
Jul 27, 2021	35,078.90	35,078.90	34,878.07	35,058.52	35,058.52	326,610,000
Jul 26, 2021	35,055.86	35,150.37	34,950.19	35,144.31	35,144.31	259,790,000
Jul 23, 2021	34,855.11	35,095.33	34,855.11	35,061.55	35,061.55	314,040,000
Jul 22, 2021	34,799.68	34,879.28	34,673.03	34,823.35	34,823.35	291,610,000
Jul 21, 2021	34,556.96	34,820.24	34,556.96	34,798.00	34,798.00	317,090,000
Jul 20, 2021	33,981.79	34,621.79	33,981.79	34,511.99	34,511.99	387,020,000
Jul 19, 2021	34,528.48	34,528.48	33,741.76	33,962.04	33,962.04	440,440,000
Jul 16, 2021	35,007.94	35,090.01	34,647.82	34,687.85	34,687.85	322,980,000
Jul 15, 2021	34,924.81	34,990.41	34,762.87	34,987.02	34,987.02	320,450,000
Jul 14, 2021	34,920.83	35,069.18	34,826.87	34,933.23	34,933.23	344,340,000
Jul 13, 2021	34,959.96	35,018.79	34,876.89	34,888.79	34,888.79	322,430,000
Jul 12, 2021	34,836.75	35,014.90	34,730.15	34,996.18	34,996.18	294,800,000
Jul 09, 2021	34,457.51	34,893.72	34,457.51	34,870.16	34,870.16	301,750,000
Jul 08, 2021	34,569.01	34,569.01	34,145.59	34,421.93	34,421.93	335,690,000
Jul 07, 2021	34,604.17	34,708.78	34,435.59	34,681.79	34,681.79	302,700,000
Jul 06, 2021	34,790.16	34,814.20	34,358.42	34,577.37	34,577.37	348,430,000
Jul 02, 2021	34,642.42	34,821.93	34,613.49	34,786.35	34,786.35	301,860,000
Jul 01, 2021	34,507.32	34,640.28	34,498.85	34,633.53	34,633.53	268,280,000
Jun 30, 2021	34,290.74	34,553.16	34,245.48	34,502.51	34,502.51	295,560,000
Jun 29, 2021	34,338.89	34,469.83	34,266.83	34,292.29	34,292.29	282,360,000
Jun 28, 2021	34,428.10	34,449.65	34,186.13	34,283.27	34,283.27	280,280,000
Jun 25, 2021	34,328.10	34,501.02	34,314.80	34,433.84	34,433.84	432,550,000
Jun 24, 2021	33,933.91	34,233.02	33,933.91	34,196.82	34,196.82	275,870,000
Jun 23, 2021	33,948.54	34,009.40	33,869.83	33,874.24	33,874.24	255,280,000
Jun 22, 2021	33,872.56	34,040.70	33,751.06	33,945.58	33,945.58	284,130,000
Jun 21, 2021	33,312.07	33,908.09	33,312.07	33,876.97	33,876.97	317,260,000
Jun 18, 2021	33,622.70	33,622.70	33,271.93	33,290.08	33,290.08	563,920,000
Jun 17, 2021	34,014.38	34,091.79	33,626.61	33,823.45	33,823.45	354,690,000
Jun 16, 2021	34,308.48	34,333.25	33,917.11	34,033.67	34,033.67	347,150,000
Jun 15, 2021	34,397.10	34,420.38	34,199.16	34,299.33	34,299.33	272,430,000
Jun 14, 2021	34,472.52	34,472.52	34,211.54	34,393.75	34,393.75	295,530,000
Jun 11, 2021	34,499.81	34,618.09	34,328.65	34,479.60	34,479.60	260,840,000
Jun 10, 2021	34,502.51	34,737.79	34,447.25	34,466.24	34,466.24	309,310,000
Jun 09, 2021	34,626.16	34,654.67	34,439.37	34,447.14	34,447.14	245,100,000
Jun 08, 2021	34,645.84	34,665.38	34,452.94	34,599.82	34,599.82	289,440,000
Jun 07, 2021	34,766.20	34,820.91	34,574.51	34,630.24	34,630.24	259,120,000
Jun 04, 2021	34,618.69	34,772.12	34,618.69	34,756.39	34,756.39	270,050,000
Jun 03, 2021	34,550.31	34,667.41	34,334.41	34,577.04	34,577.04	297,380,000
Jun 02, 2021	34,614.62	34,706.65	34,545.96	34,600.38	34,600.38	263,810,000
Jun 01, 2021	34,584.19	34,849.32	34,542.87	34,575.31	34,575.31	287,700,000
May 28, 2021	34,558.50	34,631.11	34,520.09	34,529.45	34,529.45	290,850,000
May 27, 2021	34,432.47	34,608.82	34,389.24	34,464.64	34,464.64	520,630,000
May 26, 2021	34,336.34	34,409.59	34,271.44	34,323.05	34,323.05	258,780,000
May 25, 2021	34,428.66	34,511.35	34,266.03	34,312.46	34,312.46	285,760,000
May 24, 2021	34,253.87	34,472.51	34,253.87	34,393.98	34,393.98	251,010,000
May 21, 2021	34,121.91	34,415.48	34,121.91	34,207.84	34,207.84	306,360,000
May 20, 2021	33,906.30	34,233.40	33,872.41	34,084.15	34,084.15	320,150,000
May 19, 2021	33,945.81	33,945.81	33,473.80	33,896.04	33,896.04	348,480,000
May 18, 2021	34,351.18	34,408.99	34,044.10	34,060.66	34,060.66	289,590,000
May 17, 2021	34,375.29	34,383.84	34,176.65	34,327.79	34,327.79	291,910,000
May 14, 2021	34,050.86	34,454.05	34,050.86	34,382.13	34,382.13	303,230,000
May 13, 2021	33,624.74	34,181.77	33,623.49	34,021.45	34,021.45	350,820,000
May 12, 2021	34,206.40	34,207.87	33,555.22	33,587.66	33,587.66	381,350,000
May 11, 2021	34,572.74	34,572.74	34,075.31	34,269.16	34,269.16	413,180,000
May 10, 2021	34,785.27	35,091.56	34,741.57	34,742.82	34,742.82	361,620,000
May 07, 2021	34,578.27	34,811.39	34,464.31	34,777.76	34,777.76	303,400,000
May 06, 2021	34,245.11	34,561.29	34,185.06	34,548.53	34,548.53	315,430,000
May 05, 2021	34,163.99	34,331.20	34,039.66	34,230.34	34,230.34	253,180,000
May 04, 2021	34,080.20	34,147.78	33,765.68	34,133.03	34,133.03	407,860,000
May 03, 2021	33,904.89	34,221.06	33,904.89	34,113.23	34,113.23	289,770,000
Apr 30, 2021	33,988.75	33,988.75	33,784.96	33,874.85	33,874.85	374,890,000
Apr 29, 2021	33,855.64	34,087.21	33,744.28	34,060.36	34,060.36	408,450,000
Apr 28, 2021	33,860.46	33,946.60	33,805.56	33,820.38	33,820.38	335,820,000
Apr 27, 2021	33,932.13	34,043.98	33,870.46	33,984.93	33,984.93	289,030,000
Apr 26, 2021	34,044.23	34,148.94	33,941.37	33,981.57	33,981.57	279,300,000
Apr 23, 2021	33,804.52	34,157.57	33,713.29	34,043.49	34,043.49	346,380,000
Apr 22, 2021	34,109.88	34,126.57	33,717.19	33,815.90	33,815.90	344,470,000
Apr 21, 2021	33,808.30	34,160.34	33,773.80	34,137.31	34,137.31	290,300,000
Apr 20, 2021	34,034.18	34,034.18	33,687.01	33,821.30	33,821.30	350,960,000
Apr 19, 2021	34,182.38	34,182.38	33,980.56	34,077.63	34,077.63	312,540,000
Apr 16, 2021	34,058.16	34,256.75	34,058.16	34,200.67	34,200.67	343,760,000
Apr 15, 2021	33,788.53	34,068.73	33,788.53	34,035.99	34,035.99	319,680,000
Apr 14, 2021	33,668.95	33,911.25	33,668.95	33,730.89	33,730.89	315,330,000
Apr 13, 2021	33,721.16	33,741.64	33,545.84	33,677.27	33,677.27	324,480,000
Apr 12, 2021	33,775.06	33,786.19	33,665.54	33,745.40	33,745.40	327,370,000
Apr 09, 2021	33,526.19	33,810.87	33,526.19	33,800.60	33,800.60	316,410,000
Apr 08, 2021	33,469.89	33,506.80	33,342.64	33,503.57	33,503.57	304,040,000
Apr 07, 2021	33,444.98	33,521.76	33,347.96	33,446.26	33,446.26	273,440,000
Apr 06, 2021	33,500.02	33,544.79	33,380.43	33,430.24	33,430.24	297,940,000
Apr 05, 2021	33,222.38	33,617.95	33,222.38	33,527.19	33,527.19	344,270,000
Apr 01, 2021	33,054.58	33,167.17	32,985.35	33,153.21	33,153.21	311,880,000
Mar 31, 2021	33,116.04	33,173.77	32,980.57	32,981.55	32,981.55	414,140,000
Mar 30, 2021	33,127.88	33,170.93	32,988.92	33,066.96	33,066.96	307,510,000
Mar 29, 2021	33,087.55	33,259.00	32,905.13	33,171.37	33,171.37	351,610,000
Mar 26, 2021	32,681.07	33,098.83	32,681.07	33,072.88	33,072.88	382,170,000
Mar 25, 2021	32,346.81	32,672.69	32,071.41	32,619.48	32,619.48	411,990,000
Mar 24, 2021	32,470.88	32,787.99	32,418.15	32,420.06	32,420.06	399,390,000
Mar 23, 2021	32,691.50	32,753.77	32,356.28	32,423.15	32,423.15	385,840,000
Mar 22, 2021	32,601.82	32,810.35	32,512.53	32,731.20	32,731.20	383,500,000
Mar 19, 2021	32,858.36	32,858.36	32,505.07	32,627.97	32,627.97	811,890,000
Mar 18, 2021	32,928.16	33,227.78	32,831.25	32,862.30	32,862.30	418,480,000
Mar 17, 2021	32,825.52	33,047.58	32,782.18	33,015.37	33,015.37	391,200,000
Mar 16, 2021	32,966.75	32,966.75	32,778.23	32,825.95	32,825.95	386,370,000
Mar 15, 2021	32,798.84	32,973.40	32,629.75	32,953.46	32,953.46	360,080,000
Mar 12, 2021	32,462.40	32,793.32	32,462.40	32,778.64	32,778.64	346,400,000
Mar 11, 2021	32,354.50	32,661.59	32,345.70	32,485.59	32,485.59	400,020,000
Mar 10, 2021	31,906.96	32,389.50	31,906.96	32,297.02	32,297.02	409,110,000
Mar 09, 2021	31,892.35	32,150.32	31,822.64	31,832.74	31,832.74	458,690,000
Mar 08, 2021	31,512.15	32,148.04	31,512.15	31,802.44	31,802.44	496,980,000
Mar 05, 2021	31,029.18	31,580.33	30,766.81	31,496.30	31,496.30	501,810,000
Mar 04, 2021	31,289.01	31,461.97	30,547.53	30,924.14	30,924.14	537,850,000
Mar 03, 2021	31,352.96	31,563.31	31,260.14	31,270.09	31,270.09	409,660,000
Mar 02, 2021	31,535.37	31,623.27	31,377.16	31,391.52	31,391.52	337,270,000
Mar 01, 2021	31,065.90	31,668.34	31,065.90	31,535.51	31,535.51	385,670,000
Feb 26, 2021	31,401.29	31,450.89	30,911.37	30,932.37	30,932.37	532,250,000
Feb 25, 2021	31,955.94	31,984.77	31,293.32	31,402.01	31,402.01	454,110,000
Feb 24, 2021	31,499.75	32,009.64	31,421.29	31,961.86	31,961.86	410,150,000
Feb 23, 2021	31,501.89	31,653.38	31,158.76	31,537.35	31,537.35	460,410,000
Feb 22, 2021	31,381.12	31,653.48	31,286.57	31,521.69	31,521.69	387,210,000
Feb 19, 2021	31,504.13	31,647.53	31,469.34	31,494.32	31,494.32	353,070,000
Feb 18, 2021	31,558.60	31,558.60	31,285.32	31,493.34	31,493.34	325,990,000
Feb 17, 2021	31,485.61	31,643.70	31,338.76	31,613.02	31,613.02	343,510,000
Feb 16, 2021	31,472.08	31,608.63	31,443.48	31,522.75	31,522.75	329,210,000
Feb 12, 2021	31,420.80	31,475.31	31,347.80	31,458.40	31,458.40	263,090,000
Feb 11, 2021	31,466.49	31,543.82	31,244.36	31,430.70	31,430.70	280,320,000
Feb 10, 2021	31,428.02	31,511.44	31,221.32	31,437.80	31,437.80	326,450,000
Feb 09, 2021	31,359.88	31,439.47	31,245.86	31,375.83	31,375.83	308,210,000
Feb 08, 2021	31,191.20	31,386.10	31,191.20	31,385.76	31,385.76	322,250,000
Feb 05, 2021	31,093.81	31,252.18	31,083.22	31,148.24	31,148.24	293,550,000
Feb 04, 2021	30,737.78	31,065.96	30,737.78	31,055.86	31,055.86	338,330,000
Feb 03, 2021	30,689.65	30,793.41	30,521.31	30,723.60	30,723.60	305,590,000
Feb 02, 2021	30,276.88	30,840.54	30,276.88	30,687.48	30,687.48	333,160,000
Feb 01, 2021	30,054.73	30,335.91	30,014.97	30,211.91	30,211.91	347,060,000
Jan 29, 2021	30,553.91	30,553.91	29,856.30	29,982.62	29,982.62	536,320,000
Jan 28, 2021	30,377.19	30,951.41	30,377.19	30,603.36	30,603.36	465,140,000
Jan 27, 2021	30,893.78	30,893.78	30,206.91	30,303.17	30,303.17	566,470,000
Jan 26, 2021	30,968.55	31,121.42	30,921.71	30,937.04	30,937.04	373,150,000
Jan 25, 2021	30,989.85	30,989.85	30,564.06	30,960.00	30,960.00	472,890,000
Jan 22, 2021	31,141.56	31,141.56	30,908.47	30,996.98	30,996.98	436,040,000
Jan 21, 2021	31,198.01	31,272.22	31,120.92	31,176.01	31,176.01	418,780,000
Jan 20, 2021	31,017.54	31,235.98	30,997.79	31,188.38	31,188.38	384,980,000
Jan 19, 2021	30,887.42	31,086.62	30,865.03	30,930.52	30,930.52	386,400,000
Jan 15, 2021	30,926.77	30,941.98	30,612.67	30,814.26	30,814.26	433,000,000
Jan 14, 2021	31,085.67	31,223.78	30,982.24	30,991.52	30,991.52	427,810,000
Jan 13, 2021	31,084.88	31,153.37	30,992.05	31,060.47	31,060.47	413,250,000
Jan 12, 2021	31,015.01	31,114.56	30,888.76	31,068.69	31,068.69	362,620,000
Jan 11, 2021	31,015.37	31,096.98	30,832.06	31,008.69	31,008.69	356,540,000
Jan 08, 2021	31,069.58	31,140.67	30,793.27	31,097.97	31,097.97	381,150,000
Jan 07, 2021	30,901.18	31,193.40	30,897.86	31,041.13	31,041.13	427,810,000
Jan 06, 2021	30,362.78	31,022.65	30,313.07	30,829.40	30,829.40	500,430,000
Jan 05, 2021	30,204.25	30,504.89	30,141.78	30,391.60	30,391.60	350,910,000
Jan 04, 2021	30,627.47	30,674.28	29,881.82	30,223.89	30,223.89	475,080,000
Dec 31, 2020	30,417.64	30,637.47	30,344.50	30,606.48	30,606.48	284,470,000
Dec 30, 2020	30,415.09	30,525.35	30,393.04	30,409.56	30,409.56	291,890,000
Dec 29, 2020	30,492.07	30,588.79	30,274.24	30,335.67	30,335.67	357,610,000
Dec 28, 2020	30,283.23	30,525.56	30,283.23	30,403.97	30,403.97	302,490,000
Dec 24, 2020	30,155.92	30,209.67	30,099.30	30,199.87	30,199.87	145,570,000
Dec 23, 2020	30,046.73	30,292.53	30,046.73	30,129.83	30,129.83	274,050,000
Dec 22, 2020	30,200.20	30,200.20	29,992.89	30,015.51	30,015.51	388,810,000
Dec 21, 2020	30,159.00	30,304.14	29,755.53	30,216.45	30,216.45	437,480,000
Dec 18, 2020	30,314.26	30,343.59	30,029.44	30,179.05	30,179.05	782,070,000
Dec 17, 2020	30,216.00	30,323.78	30,216.00	30,303.37	30,303.37	345,530,000
Dec 16, 2020	30,191.38	30,236.03	30,080.11	30,154.54	30,154.54	344,590,000
Dec 15, 2020	29,919.09	30,243.26	29,894.95	30,199.31	30,199.31	417,770,000
Dec 14, 2020	30,123.91	30,325.79	29,849.15	29,861.55	29,861.55	371,980,000
Dec 11, 2020	29,988.21	30,071.13	29,820.84	30,046.37	30,046.37	393,870,000
Dec 10, 2020	30,032.55	30,063.87	29,876.82	29,999.26	29,999.26	325,550,000
Dec 09, 2020	30,229.81	30,319.70	29,951.85	30,068.81	30,068.81	380,520,000
Dec 08, 2020	29,997.95	30,246.22	29,972.07	30,173.88	30,173.88	311,190,000
Dec 07, 2020	30,233.03	30,233.03	29,967.22	30,069.79	30,069.79	365,810,000
Dec 04, 2020	29,989.56	30,218.26	29,989.56	30,218.26	30,218.26	356,590,000
Dec 03, 2020	29,920.83	30,110.88	29,877.27	29,969.52	29,969.52	405,680,000
Dec 02, 2020	29,695.09	29,902.51	29,599.29	29,883.79	29,883.79	385,280,000
Dec 01, 2020	29,797.50	30,083.31	29,797.50	29,823.92	29,823.92	429,510,000
Nov 30, 2020	29,854.51	29,854.51	29,463.64	29,638.64	29,638.64	551,350,000
Nov 27, 2020	29,911.33	30,015.13	29,819.98	29,910.37	29,910.37	177,040,000
Nov 25, 2020	30,058.87	30,058.87	29,806.25	29,872.47	29,872.47	323,030,000
Nov 24, 2020	29,746.11	30,116.51	29,746.11	30,046.24	30,046.24	432,760,000
Nov 23, 2020	29,332.82	29,667.75	29,332.82	29,591.27	29,591.27	387,200,000
Nov 20, 2020	29,437.57	29,469.89	29,231.20	29,263.48	29,263.48	305,350,000
Nov 19, 2020	29,370.92	29,524.90	29,228.38	29,483.23	29,483.23	331,330,000
Nov 18, 2020	29,875.40	29,930.85	29,432.84	29,438.42	29,438.42	382,850,000
Nov 17, 2020	29,800.15	29,872.42	29,520.29	29,783.35	29,783.35	372,380,000
Nov 16, 2020	29,672.36	29,964.29	29,672.36	29,950.44	29,950.44	418,290,000
Nov 13, 2020	29,203.90	29,559.25	29,203.90	29,479.81	29,479.81	348,810,000
Nov 12, 2020	29,231.91	29,311.83	28,902.13	29,080.17	29,080.17	369,320,000
Nov 11, 2020	29,524.35	29,593.11	29,281.22	29,397.63	29,397.63	376,700,000
Nov 10, 2020	29,254.17	29,478.86	29,126.99	29,420.92	29,420.92	526,980,000
Nov 09, 2020	29,467.90	29,933.83	29,130.66	29,157.97	29,157.97	673,310,000
Nov 06, 2020	28,399.13	28,431.96	28,189.50	28,323.40	28,323.40	326,710,000
Nov 05, 2020	28,083.37	28,495.05	28,083.37	28,390.18	28,390.18	390,140,000
Nov 04, 2020	27,512.83	28,301.50	27,512.83	27,847.66	27,847.66	447,860,000
Nov 03, 2020	27,138.69	27,640.21	27,138.69	27,480.03	27,480.03	350,980,000
Nov 02, 2020	26,691.28	27,043.48	26,691.28	26,925.05	26,925.05	379,990,000
Oct 30, 2020	26,572.27	26,639.18	26,143.77	26,501.60	26,501.60	504,820,000
Oct 29, 2020	26,480.98	26,891.89	26,290.78	26,659.11	26,659.11	419,770,000
Oct 28, 2020	27,102.14	27,102.14	26,497.39	26,519.95	26,519.95	496,150,000
Oct 27, 2020	27,651.18	27,707.69	27,457.96	27,463.19	27,463.19	366,400,000
Oct 26, 2020	28,185.82	28,185.82	27,370.16	27,685.38	27,685.38	404,150,000
Oct 23, 2020	28,409.65	28,436.52	28,149.82	28,335.57	28,335.57	347,300,000
Oct 22, 2020	28,197.42	28,421.31	28,040.18	28,363.66	28,363.66	330,320,000
Oct 21, 2020	28,270.66	28,450.64	28,196.39	28,210.82	28,210.82	299,420,000
Oct 20, 2020	28,245.85	28,575.03	28,243.04	28,308.79	28,308.79	350,220,000
Oct 19, 2020	28,633.55	28,711.93	28,139.40	28,195.42	28,195.42	358,700,000
Oct 16, 2020	28,570.72	28,842.90	28,570.72	28,606.31	28,606.31	356,140,000
Oct 15, 2020	28,323.40	28,535.85	28,181.54	28,494.20	28,494.20	328,940,000
Oct 14, 2020	28,731.30	28,792.56	28,461.73	28,514.00	28,514.00	370,800,000
Oct 13, 2020	28,764.95	28,808.84	28,604.35	28,679.81	28,679.81	526,110,000
Oct 12, 2020	28,671.12	28,957.90	28,659.67	28,837.52	28,837.52	493,680,000
Oct 09, 2020	28,533.61	28,676.29	28,440.63	28,586.90	28,586.90	324,050,000
Oct 08, 2020	28,348.86	28,459.13	28,265.56	28,425.51	28,425.51	314,750,000
Oct 07, 2020	27,971.36	28,369.66	27,971.36	28,303.46	28,303.46	328,750,000
Oct 06, 2020	28,214.24	28,354.48	27,728.03	27,772.76	27,772.76	435,030,000
Oct 05, 2020	27,825.42	28,162.64	27,825.42	28,148.64	28,148.64	318,210,000
Oct 02, 2020	27,536.39	27,861.43	27,382.94	27,682.81	27,682.81	392,770,000
Oct 01, 2020	27,940.63	28,041.46	27,669.26	27,816.90	27,816.90	373,450,000
Sep 30, 2020	27,514.64	28,026.33	27,511.06	27,781.70	27,781.70	452,550,000
Sep 29, 2020	27,560.24	27,605.60	27,338.09	27,452.66	27,452.66	303,820,000
Sep 28, 2020	27,362.14	27,722.60	27,362.14	27,584.06	27,584.06	401,860,000
Sep 25, 2020	26,694.51	27,239.29	26,635.38	27,173.96	27,173.96	388,900,000
Sep 24, 2020	26,716.09	27,094.85	26,537.01	26,815.44	26,815.44	447,810,000
Sep 23, 2020	27,413.60	27,464.46	26,716.12	26,763.13	26,763.13	459,470,000
Sep 22, 2020	27,170.34	27,333.09	26,989.93	27,288.18	27,288.18	420,720,000
Sep 21, 2020	27,484.71	27,484.71	26,715.15	27,147.70	27,147.70	523,660,000
Sep 18, 2020	27,864.87	27,946.69	27,487.97	27,657.42	27,657.42	698,710,000
Sep 17, 2020	27,834.18	28,056.79	27,647.93	27,901.98	27,901.98	437,230,000
Sep 16, 2020	28,031.69	28,364.77	28,021.67	28,032.38	28,032.38	416,650,000
Sep 15, 2020	28,139.76	28,231.06	27,931.45	27,995.60	27,995.60	414,520,000
Sep 14, 2020	27,718.74	28,086.06	27,718.74	27,993.33	27,993.33	380,750,000
Sep 11, 2020	27,613.86	27,828.82	27,448.15	27,665.64	27,665.64	435,330,000
Sep 10, 2020	28,022.51	28,174.78	27,447.08	27,534.58	27,534.58	442,850,000
Sep 09, 2020	27,711.71	28,206.21	27,704.54	27,940.47	27,940.47	460,590,000
Sep 08, 2020	27,925.23	27,925.23	27,464.90	27,500.89	27,500.89	580,860,000
Sep 04, 2020	28,341.05	28,539.75	27,664.68	28,133.31	28,133.31	694,640,000
Sep 03, 2020	29,090.70	29,199.35	28,074.76	28,292.73	28,292.73	650,080,000
Sep 02, 2020	28,736.79	29,162.88	28,713.53	29,100.50	29,100.50	539,510,000
Sep 01, 2020	28,439.61	28,659.26	28,290.72	28,645.66	28,645.66	423,410,000
Aug 31, 2020	28,643.66	28,643.66	28,363.55	28,430.05	28,430.05	517,320,000
Aug 28, 2020	28,601.29	28,733.35	28,487.98	28,653.87	28,653.87	369,740,000
Aug 27, 2020	28,384.07	28,634.22	28,363.93	28,492.27	28,492.27	404,340,000
Aug 26, 2020	28,257.88	28,353.80	28,153.91	28,331.92	28,331.92	327,070,000
Aug 25, 2020	28,347.42	28,400.74	28,094.57	28,248.44	28,248.44	338,420,000
Aug 24, 2020	28,077.58	28,314.94	28,041.75	28,308.46	28,308.46	383,880,000
Aug 21, 2020	27,758.13	27,959.48	27,686.78	27,930.33	27,930.33	372,720,000
Aug 20, 2020	27,622.68	27,781.46	27,526.25	27,739.73	27,739.73	304,550,000
Aug 19, 2020	27,811.26	27,920.42	27,647.67	27,692.88	27,692.88	311,460,000
Aug 18, 2020	27,853.48	27,891.12	27,668.79	27,778.07	27,778.07	276,170,000
Aug 17, 2020	27,970.05	27,999.81	27,816.40	27,844.91	27,844.91	286,860,000
Aug 14, 2020	27,828.93	27,977.81	27,759.39	27,931.02	27,931.02	275,540,000
Aug 13, 2020	27,922.51	27,986.10	27,789.78	27,896.72	27,896.72	360,160,000
Aug 12, 2020	27,860.24	28,043.89	27,843.32	27,976.84	27,976.84	340,210,000
Aug 11, 2020	27,961.64	28,154.88	27,624.51	27,686.91	27,686.91	428,220,000
Aug 10, 2020	27,488.21	27,803.86	27,488.21	27,791.44	27,791.44	360,340,000
Aug 07, 2020	27,321.68	27,456.24	27,223.55	27,433.48	27,433.48	321,170,000
Aug 06, 2020	27,170.82	27,394.10	27,145.25	27,386.98	27,386.98	322,460,000
Aug 05, 2020	26,924.78	27,221.67	26,924.78	27,201.52	27,201.52	366,000,000
Aug 04, 2020	26,664.61	26,832.72	26,597.82	26,828.47	26,828.47	346,350,000
Aug 03, 2020	26,542.32	26,707.26	26,534.38	26,664.40	26,664.40	439,380,000
Jul 31, 2020	26,409.33	26,440.02	26,013.59	26,428.32	26,428.32	488,050,000
Jul 30, 2020	26,367.42	26,374.93	25,992.28	26,313.65	26,313.65	351,540,000
Jul 29, 2020	26,388.44	26,602.45	26,375.39	26,539.57	26,539.57	347,580,000
Jul 28, 2020	26,529.45	26,556.84	26,361.71	26,379.28	26,379.28	361,090,000
Jul 27, 2020	26,447.67	26,625.46	26,426.92	26,584.77	26,584.77	400,930,000
Jul 24, 2020	26,533.41	26,625.70	26,402.86	26,469.89	26,469.89	494,170,000
Jul 23, 2020	26,955.97	26,973.85	26,560.04	26,652.33	26,652.33	419,800,000
Jul 22, 2020	26,824.56	27,035.24	26,794.19	27,005.84	27,005.84	404,340,000
Jul 21, 2020	26,833.14	27,025.38	26,766.22	26,840.40	26,840.40	364,930,000
Jul 20, 2020	26,660.29	26,765.02	26,504.20	26,680.87	26,680.87	309,390,000
Jul 17, 2020	26,774.62	26,808.43	26,619.88	26,671.95	26,671.95	296,460,000
Jul 16, 2020	26,746.57	26,879.16	26,590.01	26,734.71	26,734.71	287,330,000
Jul 15, 2020	27,009.81	27,071.33	26,692.48	26,870.10	26,870.10	384,900,000
Jul 14, 2020	26,044.17	26,690.52	25,994.98	26,642.59	26,642.59	401,640,000
Jul 13, 2020	26,225.07	26,639.09	26,044.23	26,085.80	26,085.80	425,320,000
Jul 10, 2020	25,690.35	26,101.32	25,637.50	26,075.30	26,075.30	338,170,000
Jul 09, 2020	26,094.92	26,103.28	25,523.51	25,706.09	25,706.09	387,610,000
Jul 08, 2020	25,950.06	26,109.49	25,816.25	26,067.28	26,067.28	337,300,000
Jul 07, 2020	26,172.01	26,174.93	25,866.58	25,890.18	25,890.18	346,820,000
Jul 06, 2020	25,996.08	26,297.53	25,996.08	26,287.03	26,287.03	340,690,000
Jul 02, 2020	25,936.45	26,204.41	25,778.12	25,827.36	25,827.36	349,130,000
Jul 01, 2020	25,879.38	26,019.31	25,713.61	25,734.97	25,734.97	373,180,000
Jun 30, 2020	25,512.43	25,905.38	25,475.14	25,812.88	25,812.88	410,780,000
Jun 29, 2020	25,152.45	25,601.15	25,096.16	25,595.80	25,595.80	378,070,000
Jun 26, 2020	25,641.69	25,641.69	24,971.03	25,015.55	25,015.55	640,860,000
Jun 25, 2020	25,365.22	25,769.61	25,209.79	25,745.60	25,745.60	384,560,000
Jun 24, 2020	25,992.96	25,992.96	25,296.73	25,445.94	25,445.94	450,120,000
Jun 23, 2020	26,159.39	26,314.97	26,105.97	26,156.10	26,156.10	389,980,000
Jun 22, 2020	25,865.08	26,059.81	25,667.68	26,024.96	26,024.96	351,780,000
Jun 19, 2020	26,213.10	26,451.44	25,759.66	25,871.46	25,871.46	669,390,000
Jun 18, 2020	26,016.45	26,154.20	25,848.53	26,080.10	26,080.10	328,390,000
Jun 17, 2020	26,330.52	26,400.07	26,068.41	26,119.61	26,119.61	328,830,000
Jun 16, 2020	26,326.68	26,611.03	25,811.70	26,289.98	26,289.98	489,500,000
Jun 15, 2020	25,270.39	25,891.58	24,843.18	25,763.16	25,763.16	461,230,000
Jun 12, 2020	25,659.42	25,965.55	25,078.41	25,605.54	25,605.54	514,440,000
Jun 11, 2020	26,282.51	26,294.08	25,082.72	25,128.17	25,128.17	647,780,000
Jun 10, 2020	27,251.89	27,355.22	26,938.05	26,989.99	26,989.99	448,930,000
Jun 09, 2020	27,447.37	27,447.37	27,151.06	27,272.30	27,272.30	381,430,000
Jun 08, 2020	27,232.93	27,580.21	27,232.48	27,572.44	27,572.44	430,200,000
Jun 05, 2020	26,836.80	27,338.30	26,836.80	27,110.98	27,110.98	542,310,000
Jun 04, 2020	26,226.49	26,384.10	26,082.31	26,281.82	26,281.82	372,190,000
Jun 03, 2020	25,906.88	26,337.75	25,906.88	26,269.89	26,269.89	398,790,000
Jun 02, 2020	25,582.52	25,743.13	25,523.74	25,742.65	25,742.65	352,610,000
Jun 01, 2020	25,342.99	25,508.83	25,220.66	25,475.02	25,475.02	338,310,000
May 29, 2020	25,324.15	25,482.80	25,031.67	25,383.11	25,383.11	527,620,000
May 28, 2020	25,697.36	25,758.79	25,358.73	25,400.64	25,400.64	377,800,000
May 27, 2020	25,298.63	25,551.56	25,009.87	25,548.27	25,548.27	411,230,000
May 26, 2020	24,781.84	25,176.42	24,781.84	24,995.11	24,995.11	424,380,000
May 22, 2020	24,461.98	24,481.64	24,294.07	24,465.16	24,465.16	255,660,000
May 21, 2020	24,564.27	24,718.46	24,370.88	24,474.12	24,474.12	346,770,000
May 20, 2020	24,455.94	24,649.48	24,455.94	24,575.90	24,575.90	366,510,000
May 19, 2020	24,577.48	24,599.50	24,202.96	24,206.86	24,206.86	374,100,000
May 18, 2020	24,059.98	24,708.54	24,059.98	24,597.37	24,597.37	484,190,000
May 15, 2020	23,454.83	23,730.08	23,354.15	23,685.42	23,685.42	491,510,000
May 14, 2020	23,049.06	23,630.86	22,789.62	23,625.34	23,625.34	472,700,000
May 13, 2020	23,702.16	23,708.90	23,067.64	23,247.97	23,247.97	469,950,000
May 12, 2020	24,292.84	24,382.09	23,761.58	23,764.78	23,764.78	359,480,000
May 11, 2020	24,256.45	24,366.21	24,070.22	24,221.99	24,221.99	352,400,000
May 08, 2020	24,107.82	24,349.90	24,107.05	24,331.32	24,331.32	335,760,000
May 07, 2020	23,837.21	24,094.62	23,834.39	23,875.89	23,875.89	369,890,000
May 06, 2020	23,978.88	24,054.59	23,661.14	23,664.64	23,664.64	377,450,000
May 05, 2020	23,958.88	24,169.72	23,868.91	23,883.09	23,883.09	369,710,000
May 04, 2020	23,581.55	23,769.56	23,361.16	23,749.76	23,749.76	355,360,000
May 01, 2020	24,120.78	24,120.78	23,645.30	23,723.69	23,723.69	418,160,000
Apr 30, 2020	24,585.57	24,585.57	24,186.90	24,345.72	24,345.72	487,840,000
Apr 29, 2020	24,490.37	24,764.77	24,453.99	24,633.86	24,633.86	455,290,000
Apr 28, 2020	24,357.17	24,512.24	24,031.20	24,101.55	24,101.55	400,250,000
Apr 27, 2020	23,866.15	24,207.65	23,840.61	24,133.78	24,133.78	389,390,000
Apr 24, 2020	23,628.24	23,826.00	23,417.68	23,775.27	23,775.27	376,020,000
Apr 23, 2020	23,543.09	23,885.36	23,483.35	23,515.26	23,515.26	389,290,000
Apr 22, 2020	23,437.34	23,613.10	23,339.60	23,475.82	23,475.82	352,880,000
Apr 21, 2020	23,365.25	23,365.25	22,941.88	23,018.88	23,018.88	485,140,000
Apr 20, 2020	24,095.10	24,108.69	23,627.19	23,650.44	23,650.44	423,410,000
Apr 17, 2020	23,817.15	24,264.21	23,817.15	24,242.49	24,242.49	525,950,000
Apr 16, 2020	23,543.66	23,598.08	23,211.38	23,537.68	23,537.68	471,050,000
Apr 15, 2020	23,600.72	23,649.72	23,233.32	23,504.35	23,504.35	437,630,000
Apr 14, 2020	23,690.57	24,040.58	23,683.44	23,949.76	23,949.76	485,910,000
Apr 13, 2020	23,698.93	23,698.93	23,095.35	23,390.77	23,390.77	394,320,000
Apr 09, 2020	23,690.66	24,008.99	23,504.09	23,719.37	23,719.37	566,400,000
Apr 08, 2020	22,893.47	23,513.40	22,682.99	23,433.57	23,433.57	472,740,000
Apr 07, 2020	23,537.44	23,617.24	22,634.45	22,653.86	22,653.86	594,660,000
Apr 06, 2020	21,693.63	22,783.45	21,693.63	22,679.99	22,679.99	610,760,000
Apr 03, 2020	21,285.93	21,447.81	20,863.09	21,052.53	21,052.53	450,010,000
Apr 02, 2020	20,819.46	21,477.77	20,735.02	21,413.44	21,413.44	529,540,000
Apr 01, 2020	21,227.38	21,487.24	20,784.43	20,943.51	20,943.51	506,680,000
Mar 31, 2020	22,208.42	22,480.37	21,852.08	21,917.16	21,917.16	571,210,000
Mar 30, 2020	21,678.22	22,378.09	21,522.08	22,327.48	22,327.48	545,540,000
Mar 27, 2020	21,898.47	22,327.57	21,469.27	21,636.78	21,636.78	588,830,000
Mar 26, 2020	21,468.38	22,595.06	21,427.10	22,552.17	22,552.17	705,180,000
Mar 25, 2020	21,050.34	22,019.93	20,538.34	21,200.55	21,200.55	796,320,000
Mar 24, 2020	19,722.19	20,737.70	19,649.25	20,704.91	20,704.91	799,340,000
Mar 23, 2020	19,028.36	19,121.01	18,213.65	18,591.93	18,591.93	787,970,000
Mar 20, 2020	20,253.15	20,531.26	19,094.27	19,173.98	19,173.98	872,290,000
Mar 19, 2020	19,830.01	20,442.63	19,177.13	20,087.19	20,087.19	780,300,000
Mar 18, 2020	20,188.69	20,489.33	18,917.46	19,898.92	19,898.92	871,360,000
Mar 17, 2020	20,487.05	21,379.35	19,882.26	21,237.38	21,237.38	793,060,000
Mar 16, 2020	20,917.53	21,768.28	20,116.46	20,188.52	20,188.52	770,130,000
Mar 13, 2020	21,973.82	23,189.76	21,285.37	23,185.62	23,185.62	843,080,000
Mar 12, 2020	22,184.71	22,837.95	21,154.46	21,200.62	21,200.62	908,260,000
Mar 11, 2020	24,604.63	24,604.63	23,328.32	23,553.22	23,553.22	663,960,000
Mar 10, 2020	24,453.00	25,020.99	23,690.34	25,018.16	25,018.16	654,860,000
Mar 09, 2020	24,992.36	24,992.36	23,706.07	23,851.02	23,851.02	750,430,000
Mar 06, 2020	25,457.21	25,994.38	25,226.62	25,864.78	25,864.78	599,780,000
Mar 05, 2020	26,671.92	26,671.92	25,943.33	26,121.28	26,121.28	477,370,000
Mar 04, 2020	26,383.68	27,102.34	26,286.31	27,090.86	27,090.86	457,590,000
Mar 03, 2020	26,762.47	27,084.59	25,706.28	25,917.41	25,917.41	647,080,000
Mar 02, 2020	25,590.51	26,706.17	25,391.96	26,703.32	26,703.32	637,200,000
Feb 28, 2020	25,270.83	25,494.24	24,681.01	25,409.36	25,409.36	915,990,000
Feb 27, 2020	26,526.00	26,775.31	25,752.82	25,766.64	25,766.64	664,980,000
Feb 26, 2020	27,159.46	27,542.78	26,890.97	26,957.59	26,957.59	472,450,000
Feb 25, 2020	28,037.65	28,149.20	26,997.62	27,081.36	27,081.36	513,270,000
Feb 24, 2020	28,402.93	28,402.93	27,912.44	27,960.80	27,960.80	452,580,000
Feb 21, 2020	29,146.53	29,146.53	28,892.70	28,992.41	28,992.41	311,210,000
Feb 20, 2020	29,296.25	29,368.45	28,959.65	29,219.98	29,219.98	287,780,000
Feb 19, 2020	29,312.70	29,409.09	29,274.38	29,348.03	29,348.03	240,640,000
Feb 18, 2020	29,282.78	29,330.16	29,116.81	29,232.19	29,232.19	256,600,000
Feb 14, 2020	29,440.47	29,463.04	29,283.18	29,398.08	29,398.08	231,000,000
Feb 13, 2020	29,436.03	29,535.40	29,345.93	29,423.31	29,423.31	291,150,000
Feb 12, 2020	29,406.75	29,568.57	29,406.75	29,551.42	29,551.42	309,530,000
Feb 11, 2020	29,390.71	29,415.39	29,210.47	29,276.34	29,276.34	279,540,000
Feb 10, 2020	28,995.66	29,278.07	28,995.66	29,276.82	29,276.82	250,510,000
Feb 07, 2020	29,286.92	29,286.92	29,056.98	29,102.51	29,102.51	252,860,000
Feb 06, 2020	29,388.58	29,408.05	29,246.93	29,379.77	29,379.77	263,700,000
Feb 05, 2020	29,048.73	29,308.89	29,000.85	29,290.85	29,290.85	357,540,000
Feb 04, 2020	28,696.74	28,904.88	28,696.74	28,807.63	28,807.63	332,750,000
Feb 03, 2020	28,319.65	28,630.39	28,319.65	28,399.81	28,399.81	307,910,000
Jan 31, 2020	28,813.04	28,813.04	28,169.53	28,256.03	28,256.03	403,890,000
Jan 30, 2020	28,640.16	28,879.71	28,489.76	28,859.44	28,859.44	326,850,000
Jan 29, 2020	28,820.53	28,944.24	28,728.19	28,734.45	28,734.45	302,290,000
Jan 28, 2020	28,594.28	28,823.23	28,575.75	28,722.85	28,722.85	330,140,000
Jan 27, 2020	28,542.49	28,671.79	28,440.47	28,535.80	28,535.80	337,270,000
Jan 24, 2020	29,230.39	29,288.79	28,843.31	28,989.73	28,989.73	380,010,000
Jan 23, 2020	29,111.02	29,190.47	28,966.98	29,160.09	29,160.09	307,060,000
Jan 22, 2020	29,263.63	29,320.20	29,172.26	29,186.27	29,186.27	283,440,000
Jan 21, 2020	29,269.05	29,341.21	29,146.47	29,196.04	29,196.04	320,640,000
Jan 17, 2020	29,313.31	29,373.62	29,289.91	29,348.10	29,348.10	321,820,000
Jan 16, 2020	29,131.95	29,300.32	29,131.95	29,297.64	29,297.64	252,110,000
Jan 15, 2020	28,901.80	29,127.59	28,897.35	29,030.22	29,030.22	260,270,000
Jan 14, 2020	28,895.50	29,054.16	28,872.27	28,939.67	28,939.67	287,440,000
Jan 13, 2020	28,869.01	28,909.91	28,819.43	28,907.05	28,907.05	249,830,000
Jan 10, 2020	28,977.52	29,009.07	28,789.10	28,823.77	28,823.77	237,830,000
Jan 09, 2020	28,851.97	28,988.01	28,844.31	28,956.90	28,956.90	275,060,000
Jan 08, 2020	28,556.14	28,866.18	28,522.51	28,745.09	28,745.09	291,750,000
Jan 07, 2020	28,639.18	28,685.50	28,565.28	28,583.68	28,583.68	258,900,000
Jan 06, 2020	28,465.50	28,708.02	28,418.63	28,703.38	28,703.38	252,760,000
Jan 03, 2020	28,553.33	28,716.31	28,500.36	28,634.88	28,634.88	239,590,000